[[4.76983, -4.09053, 1.3, 0.21462],
[4.89126, -3.90066, 4.0, 0.05634],
[5.01366, -3.70837, 4.0, 0.05699],
[5.13782, -3.51169, 4.0, 0.05815],
[5.26438, -3.30899, 4.0, 0.05974],
[5.39388, -3.0989, 4.0, 0.0617],
[5.52666, -2.8804, 4.0, 0.06392],
[5.66291, -2.65289, 4.0, 0.0663],
[5.80251, -2.41642, 4.0, 0.06865],
[5.94512, -2.17155, 4.0, 0.07084],
[6.09016, -1.91945, 4.0, 0.07271],
[6.23679, -1.66184, 4.0, 0.0741],
[6.38407, -1.40079, 4.0, 0.07493],
[6.53117, -1.13819, 4.0, 0.07525],
[6.67775, -0.87512, 4.0, 0.07529],
[6.82299, -0.6115, 4.0, 0.07525],
[6.96519, -0.34687, 4.0, 0.0751],
[7.10287, -0.08086, 4.0, 0.07488],
[7.23486, 0.18683, 4.0, 0.07462],
[7.36035, 0.45641, 4.0, 0.07434],
[7.47877, 0.728, 4.0, 0.07407],
[7.58987, 1.00166, 4.0, 0.07384],
[7.69367, 1.27737, 4.0, 0.07365],
[7.79036, 1.55508, 4.0, 0.07351],
[7.88036, 1.83466, 4.0, 0.07343],
[7.96422, 2.11618, 4.0, 0.07344],
[8.04274, 2.40035, 4.0, 0.0737],
[8.12662, 2.68351, 3.72952, 0.07919],
[8.21609, 2.96525, 2.94114, 0.10051],
[8.31119, 3.24555, 2.55302, 0.11594],
[8.41171, 3.52446, 2.34011, 0.12669],
[8.5171, 3.80211, 2.21215, 0.13425],
[8.62633, 4.07765, 2.15881, 0.1373],
[8.71847, 4.3522, 2.15196, 0.13457],
[8.78527, 4.62559, 2.15196, 0.13078],
[8.82098, 4.8959, 2.15196, 0.1267],
[8.82263, 5.16068, 2.15196, 0.12304],
[8.78902, 5.41747, 2.15196, 0.12035],
[8.7205, 5.66409, 2.15196, 0.11894],
[8.61804, 5.89861, 2.19389, 0.11665],
[8.48319, 6.11945, 2.27217, 0.11388],
[8.31769, 6.32527, 2.3949, 0.11028],
[8.1237, 6.51509, 2.56068, 0.10599],
[7.90386, 6.68834, 2.77717, 0.10078],
[7.6615, 6.84489, 3.06477, 0.09414],
[7.40101, 6.98525, 3.44235, 0.08596],
[7.12814, 7.11045, 3.00433, 0.09993],
[6.84878, 7.2228, 2.66981, 0.11278],
[6.56574, 7.32542, 2.43116, 0.12384],
[6.27908, 7.41742, 2.27346, 0.13242],
[5.9886, 7.49459, 2.17057, 0.13847],
[5.69577, 7.55252, 2.09267, 0.14264],
[5.40283, 7.58534, 2.05914, 0.14315],
[5.11241, 7.58736, 2.05914, 0.14104],
[4.828, 7.55381, 2.05914, 0.13908],
[4.55497, 7.48186, 2.05914, 0.13712],
[4.30071, 7.37164, 2.05914, 0.13458],
[4.073, 7.2262, 2.05914, 0.13122],
[3.87687, 7.05114, 2.0635, 0.1274],
[3.71399, 6.85235, 2.11088, 0.12175],
[3.58343, 6.63471, 2.20782, 0.11495],
[3.48286, 6.4018, 2.37427, 0.10685],
[3.40895, 6.15617, 2.61393, 0.09813],
[3.35806, 5.89939, 2.96716, 0.08823],
[3.32618, 5.63241, 3.52686, 0.07624],
[3.30876, 5.35621, 4.0, 0.06919],
[3.30063, 5.07273, 3.7094, 0.07646],
[3.29591, 4.77255, 3.39877, 0.08833],
[3.28682, 4.47244, 2.93018, 0.10247],
[3.27036, 4.17257, 2.58733, 0.11608],
[3.24346, 3.87339, 2.35383, 0.12761],
[3.20313, 3.57601, 2.19952, 0.13644],
[3.14654, 3.28222, 2.10883, 0.14187],
[3.07102, 2.99385, 2.06074, 0.14465],
[2.97069, 2.71422, 2.05858, 0.14432],
[2.84071, 2.44993, 2.05858, 0.14307],
[2.68017, 2.21073, 2.05858, 0.13994],
[2.4919, 2.00476, 2.05858, 0.13555],
[2.28047, 1.8363, 2.05858, 0.13132],
[2.05047, 1.70693, 2.05858, 0.12819],
[1.80615, 1.61647, 2.09242, 0.12451],
[1.55109, 1.56399, 2.16391, 0.12034],
[1.28835, 1.54811, 2.28962, 0.11496],
[1.02065, 1.56657, 2.46315, 0.10894],
[0.75021, 1.61661, 2.71907, 0.10115],
[0.47884, 1.69436, 3.08028, 0.09165],
[0.20774, 1.79509, 3.64976, 0.07924],
[-0.06258, 1.9131, 4.0, 0.07374],
[-0.33239, 2.04213, 4.0, 0.07477],
[-0.60234, 2.1755, 4.0, 0.07527],
[-0.87186, 2.30976, 4.0, 0.07528],
[-1.14094, 2.4449, 4.0, 0.07528],
[-1.40955, 2.58098, 4.0, 0.07528],
[-1.6777, 2.71796, 4.0, 0.07528],
[-1.94539, 2.85585, 4.0, 0.07528],
[-2.21264, 2.9946, 4.0, 0.07528],
[-2.47952, 3.13407, 4.0, 0.07528],
[-2.74615, 3.27403, 4.0, 0.07528],
[-3.0126, 3.41434, 4.0, 0.07528],
[-3.27892, 3.5549, 4.0, 0.07528],
[-3.5451, 3.69574, 4.0, 0.07529],
[-3.81124, 3.83667, 4.0, 0.07529],
[-4.0775, 3.97736, 4.0, 0.07529],
[-4.34387, 4.11785, 3.30382, 0.09115],
[-4.61014, 4.25853, 2.80175, 0.10749],
[-4.87628, 4.39944, 2.50685, 0.12013],
[-5.14234, 4.54052, 2.28931, 0.13155],
[-5.40821, 4.67947, 2.12962, 0.14087],
[-5.67372, 4.8053, 2.00317, 0.14668],
[-5.93776, 4.90929, 1.88623, 0.15045],
[-6.19898, 4.9858, 1.88623, 0.1443],
[-6.45605, 5.03174, 1.88623, 0.13845],
[-6.70765, 5.04484, 1.88623, 0.13357],
[-6.95233, 5.0233, 1.88623, 0.13022],
[-7.18826, 4.96479, 1.88623, 0.12887],
[-7.41256, 4.86512, 2.14737, 0.1143],
[-7.62604, 4.73262, 2.28809, 0.10981],
[-7.82808, 4.56927, 2.4571, 0.10574],
[-8.01805, 4.37686, 2.53954, 0.10647],
[-8.19544, 4.15762, 2.361, 0.11945],
[-8.35997, 3.91467, 2.26752, 0.1294],
[-8.51099, 3.65413, 2.21111, 0.13619],
[-8.64251, 3.38655, 2.21111, 0.13484],
[-8.74659, 3.11342, 2.21111, 0.13219],
[-8.81713, 2.83715, 2.21111, 0.12895],
[-8.85077, 2.56096, 2.21111, 0.12583],
[-8.84656, 2.28815, 2.21111, 0.1234],
[-8.80445, 2.02187, 2.21524, 0.1217],
[-8.72587, 1.76485, 2.25653, 0.11911],
[-8.61282, 1.51937, 2.34721, 0.11514],
[-8.46804, 1.28713, 2.46448, 0.11105],
[-8.29437, 1.06939, 2.62253, 0.1062],
[-8.09505, 0.8669, 2.52276, 0.11263],
[-7.87342, 0.67995, 2.22813, 0.13013],
[-7.63329, 0.50818, 2.01683, 0.14639],
[-7.37882, 0.35063, 1.84986, 0.16179],
[-7.14856, 0.19136, 1.71734, 0.16303],
[-6.94135, 0.02245, 1.71734, 0.15567],
[-6.76219, -0.15775, 1.71734, 0.14796],
[-6.61448, -0.35006, 1.71734, 0.1412],
[-6.50109, -0.55487, 1.71734, 0.13632],
[-6.42587, -0.77263, 1.71734, 0.13416],
[-6.39517, -1.00402, 1.99374, 0.11708],
[-6.40006, -1.24513, 2.17323, 0.11097],
[-6.43864, -1.49456, 2.41152, 0.10466],
[-6.50879, -1.751, 2.59966, 0.10227],
[-6.60727, -2.01301, 2.32063, 0.12062],
[-6.72895, -2.27902, 2.11284, 0.13845],
[-6.86656, -2.54689, 1.94936, 0.15449],
[-6.98505, -2.81306, 1.81626, 0.16041],
[-7.07776, -3.07662, 1.81626, 0.15383],
[-7.13999, -3.33632, 1.81626, 0.14703],
[-7.16845, -3.59072, 1.81626, 0.14095],
[-7.16044, -3.83818, 1.81626, 0.13632],
[-7.11288, -4.07649, 1.81626, 0.1338],
[-7.02136, -4.30227, 1.99833, 0.12191],
[-6.89293, -4.51537, 2.16243, 0.11506],
[-6.7312, -4.71527, 2.36632, 0.10866],
[-6.53943, -4.90165, 2.63623, 0.10144],
[-6.32142, -5.07476, 3.02492, 0.09203],
[-6.08207, -5.23577, 3.65712, 0.07888],
[-5.8275, -5.38716, 4.0, 0.07404],
[-5.56466, -5.53276, 4.0, 0.07512],
[-5.30054, -5.67745, 4.0, 0.07529],
[-5.03644, -5.82216, 4.0, 0.07529],
[-4.77241, -5.96701, 4.0, 0.07529],
[-4.5085, -6.11207, 4.0, 0.07529],
[-4.24473, -6.25738, 4.0, 0.07529],
[-3.98105, -6.40286, 3.4433, 0.08746],
[-3.7175, -6.54857, 3.0338, 0.09926],
[-3.45409, -6.69454, 2.79122, 0.10789],
[-3.19083, -6.84078, 2.67345, 0.11264],
[-2.92677, -6.98106, 2.63451, 0.1135],
[-2.66081, -7.10827, 2.63451, 0.11191],
[-2.39251, -7.21648, 2.63451, 0.10981],
[-2.12195, -7.30139, 2.63451, 0.10764],
[-1.8496, -7.36005, 2.63451, 0.10575],
[-1.57616, -7.3912, 2.63451, 0.10446],
[-1.30243, -7.39467, 2.6433, 0.10356],
[-1.02919, -7.37076, 2.72713, 0.10058],
[-0.75716, -7.32079, 2.8596, 0.09672],
[-0.48693, -7.24647, 3.06649, 0.0914],
[-0.21893, -7.15017, 3.35337, 0.08492],
[0.04662, -7.03475, 3.79013, 0.0764],
[0.30977, -6.9038, 4.0, 0.07348],
[0.57085, -6.76112, 4.0, 0.07438],
[0.83043, -6.61083, 4.0, 0.07499],
[1.08932, -6.45699, 4.0, 0.07529],
[1.34825, -6.30322, 4.0, 0.07529],
[1.6071, -6.14931, 4.0, 0.07529],
[1.8658, -5.99516, 4.0, 0.07529],
[2.12429, -5.84079, 4.0, 0.07527],
[2.3816, -5.68582, 4.0, 0.07509],
[2.63653, -5.53005, 4.0, 0.07469],
[2.88812, -5.37333, 4.0, 0.0741],
[3.13569, -5.21561, 4.0, 0.07338],
[3.37898, -5.0569, 4.0, 0.07262],
[3.61803, -4.89728, 1.3, 0.22111],
[3.85323, -4.73687, 1.3, 0.21899],
[4.0852, -4.57582, 1.3, 0.21723],
[4.31472, -4.41431, 1.3, 0.21589],
[4.54265, -4.25249, 1.3, 0.21502]]